lidar-files/1original/Wesel/3dm_32_324_5729_1_nw_min.asc
ncols 50
nrows 50
xllcorner 324000.000000
yllcorner 5729000.000000
cellsize 20.000000
NODATA_value -9999.0
17.42 17.47 17.50 17.43 17.45 17.44 17.39 17.42 17.40 17.34 17.37 17.43 17.59 17.66 17.62 17.69 17.69 17.71 17.71 17.71 17.71 17.68 17.70 17.71 17.75 17.71 17.72 17.72 17.73 17.72 17.67 17.66 17.66 17.66 17.67 17.66 17.59 17.68 17.64 17.67 17.69 17.70 17.68 17.68 17.61 17.66 17.67 17.72 17.70 17.64
17.43 17.44 17.49 17.50 17.48 17.43 17.40 17.45 17.39 17.39 17.42 17.62 17.61 17.68 17.68 17.70 17.66 17.69 17.73 17.71 17.73 17.64 17.71 17.71 17.74 17.75 17.71 17.66 17.73 17.68 17.66 17.68 17.66 17.66 17.62 17.68 17.65 17.66 17.68 17.68 17.64 17.68 17.68 17.65 17.66 17.69 17.63 17.68 17.69 17.64
17.44 17.42 17.49 17.47 17.38 17.46 17.41 17.40 17.43 17.42 17.50 17.67 17.68 17.65 17.70 17.62 17.64 17.69 17.71 17.69 17.67 17.71 17.69 17.70 17.74 17.71 17.69 17.71 17.74 17.71 17.70 17.68 17.68 17.69 17.65 17.68 17.68 17.67 17.63 17.65 17.66 17.69 17.69 17.67 17.68 17.67 17.68 17.68 17.69 17.70
17.46 17.45 17.46 17.49 17.43 17.42 17.42 17.41 17.45 17.53 17.59 17.66 17.68 17.67 17.70 17.69 17.69 17.68 17.65 17.67 17.72 17.70 17.69 17.70 17.67 17.72 17.73 17.70 17.72 17.73 17.72 17.67 17.66 17.68 17.64 17.70 17.68 17.68 17.70 17.67 17.68 17.68 17.62 17.66 17.69 17.67 17.69 17.67 17.66 17.70
17.43 17.46 17.46 17.48 17.42 17.43 17.42 17.48 17.54 17.62 17.64 17.65 17.67 17.64 17.67 17.66 17.70 17.69 17.74 17.74 17.70 17.72 17.70 17.66 17.70 17.72 17.71 17.68 17.70 17.69 17.69 17.66 17.68 17.67 17.68 17.69 17.68 17.68 17.67 17.67 17.67 17.69 17.63 17.69 17.67 17.68 17.65 17.65 17.71 17.68
17.41 17.47 17.45 17.40 17.42 17.41 17.47 17.56 17.62 17.66 17.69 17.70 17.63 17.70 17.69 17.70 17.71 17.71 17.73 17.73 17.73 17.72 17.73 17.71 17.72 17.69 17.69 17.63 17.68 17.70 17.66 17.67 17.67 17.68 17.69 17.68 17.68 17.68 17.70 17.68 17.66 17.68 17.68 17.71 17.66 17.67 17.67 17.61 17.64 17.71
17.47 17.47 17.45 17.44 17.42 17.57 17.55 17.68 17.62 17.70 17.68 17.69 17.67 17.70 17.70 17.69 17.67 17.71 17.71 17.72 17.74 17.71 17.70 17.73 17.74 17.70 17.73 17.65 17.69 17.67 17.73 17.72 17.66 17.68 17.71 17.68 17.69 17.73 17.72 17.72 17.71 17.72 17.71 17.70 17.71 17.69 17.66 17.71 17.68 17.69
17.49 17.50 17.46 17.46 17.61 17.65 17.70 17.67 17.68 17.60 17.64 17.71 17.69 17.72 17.68 17.67 17.70 17.69 17.69 17.70 17.72 17.71 17.70 17.74 17.71 17.72 17.68 17.73 17.71 17.71 17.67 17.74 17.70 17.71 17.67 17.70 17.71 17.71 17.70 17.72 17.72 17.73 17.73 17.73 17.67 17.71 17.70 17.63 17.70 17.66
17.47 17.47 17.52 17.62 17.68 17.73 17.70 17.68 17.69 17.69 17.71 17.74 17.69 17.72 17.72 17.73 17.71 17.68 17.72 17.69 17.70 17.74 17.72 17.68 17.74 17.73 17.67 17.73 17.74 17.72 17.71 17.72 17.74 17.70 17.74 17.71 17.73 17.69 17.75 17.70 17.76 17.73 17.72 17.73 17.77 17.76 17.70 17.70 17.74 17.71
17.49 17.50 17.69 17.65 17.73 17.76 17.73 17.76 17.76 17.71 17.75 17.73 17.71 17.68 17.68 17.66 17.66 17.70 17.72 17.74 17.75 17.69 17.71 17.73 17.70 17.70 17.74 17.69 17.72 17.73 17.73 17.77 17.76 17.75 17.73 17.74 17.78 17.75 17.75 17.73 17.78 17.80 17.78 17.79 17.74 17.65 17.74 17.72 17.75 17.72
17.57 17.73 17.74 17.77 17.71 17.66 17.71 17.72 17.74 17.73 17.71 17.73 17.71 17.73 17.70 17.73 17.74 17.75 17.74 17.77 17.76 17.77 17.75 17.78 17.78 17.72 17.70 17.71 17.74 17.68 17.72 17.74 17.76 17.78 17.75 17.75 17.77 17.78 17.77 17.78 17.82 17.80 17.82 17.82 17.80 17.76 17.76 17.78 17.71 17.76
17.71 17.77 17.70 17.76 17.71 17.71 17.69 17.69 17.72 17.72 17.71 17.75 17.74 17.75 17.72 17.74 17.71 17.73 17.70 17.73 17.79 17.78 17.73 17.78 17.75 17.71 17.74 17.72 17.77 17.74 17.76 17.77 17.79 17.79 17.75 17.77 17.77 17.73 17.78 17.74 17.75 17.74 17.79 17.76 17.78 17.74 17.76 17.68 17.76 17.75
17.75 17.75 17.76 17.73 17.72 17.72 17.70 17.68 17.66 17.70 17.69 17.75 17.73 17.72 17.75 17.75 17.73 17.72 17.68 17.73 17.76 17.73 17.78 17.74 17.71 17.74 17.75 17.75 17.74 17.71 17.75 17.75 17.75 17.74 17.78 17.76 17.76 17.74 17.73 17.74 17.76 17.73 17.76 17.74 17.76 17.71 17.71 17.73 17.72 17.75
17.75 17.72 17.74 17.70 17.73 17.75 17.75 17.74 17.75 17.71 17.67 17.73 17.71 17.72 17.70 17.74 17.73 17.75 17.74 17.69 17.72 17.74 17.74 17.71 17.68 17.70 17.69 17.70 17.71 17.72 17.74 17.73 17.72 17.68 17.75 17.72 17.70 17.76 17.74 17.76 17.73 17.75 17.66 17.75 17.72 17.74 17.71 17.72 17.73 17.72
17.74 17.71 17.71 17.73 17.71 17.71 17.73 17.68 17.71 17.72 17.72 17.70 17.70 17.73 17.73 17.73 17.67 17.72 17.74 17.69 17.73 17.71 17.71 17.72 17.69 17.72 17.72 17.70 17.66 17.71 17.73 17.73 17.74 17.72 17.73 17.69 17.73 17.73 17.71 17.73 17.74 17.70 17.73 17.71 17.76 17.66 17.71 17.73 17.65 17.71
17.68 17.68 17.72 17.73 17.72 17.69 17.71 17.71 17.74 17.75 17.70 17.69 17.72 17.69 17.70 17.71 17.70 17.70 17.68 17.72 17.65 17.71 17.73 17.68 17.67 17.70 17.64 17.68 17.70 17.73 17.71 17.70 17.70 17.72 17.68 17.68 17.70 17.72 17.72 17.67 17.74 17.73 17.74 17.74 17.70 17.69 17.63 17.68 17.70 17.69
17.67 17.67 17.64 17.65 17.71 17.70 17.73 17.71 17.72 17.72 17.68 17.71 17.69 17.70 17.70 17.71 17.70 17.69 17.71 17.71 17.69 17.70 17.69 17.69 17.69 17.68 17.67 17.67 17.65 17.67 17.71 17.68 17.72 17.66 17.71 17.68 17.67 17.73 17.66 17.73 17.70 17.71 17.71 17.73 17.67 17.64 17.71 17.71 17.73 17.70
17.70 17.66 17.69 17.65 17.65 17.70 17.70 17.71 17.71 17.67 17.67 17.74 17.70 17.69 17.67 17.65 17.63 17.69 17.67 17.69 17.67 17.68 17.70 17.69 17.71 17.65 17.71 17.69 17.70 17.70 17.71 17.71 17.66 17.68 17.70 17.67 17.70 17.71 17.72 17.71 17.70 17.69 17.72 17.72 17.71 17.76 17.74 17.73 17.70 17.67
17.68 17.66 17.68 17.69 17.63 17.62 17.68 17.67 17.67 17.66 17.67 17.68 17.67 17.67 17.70 17.70 17.66 17.66 17.68 17.65 17.69 17.70 17.72 17.71 17.71 17.68 17.67 17.73 17.70 17.68 17.67 17.72 17.66 17.69 17.70 17.64 17.68 17.71 17.66 17.70 17.71 17.71 17.71 17.72 17.74 17.72 17.74 17.72 17.70 17.71
17.67 17.68 17.69 17.69 17.66 17.67 17.62 17.65 17.68 17.65 17.67 17.70 17.67 17.65 17.65 17.65 17.62 17.67 17.67 17.66 17.70 17.70 17.70 17.72 17.73 17.71 17.66 17.68 17.65 17.70 17.70 17.73 17.68 17.68 17.70 17.67 17.71 17.72 17.72 17.71 17.71 17.72 17.68 17.74 17.75 17.73 17.73 17.70 17.72 17.73
17.62 17.65 17.69 17.72 17.70 17.69 17.65 17.70 17.70 17.68 17.67 17.68 17.70 17.64 17.68 17.67 17.69 17.69 17.66 17.70 17.65 17.64 17.72 17.70 17.66 17.67 17.68 17.69 17.66 17.67 17.71 17.68 17.69 17.68 17.68 17.65 17.71 17.66 17.72 17.71 17.71 17.70 17.72 17.74 17.74 17.73 17.73 17.73 17.75 17.68
17.69 17.68 17.71 17.67 17.68 17.68 17.72 17.67 17.71 17.67 17.70 17.66 17.65 17.67 17.68 17.66 17.68 17.67 17.61 17.66 17.70 17.70 17.72 17.72 17.70 17.68 17.67 17.68 17.65 17.66 17.64 17.70 17.68 17.68 17.71 17.69 17.67 17.73 17.69 17.72 17.72 17.65 17.70 17.74 17.72 17.71 17.74 17.64 17.71 17.70
17.71 17.72 17.73 17.72 17.73 17.69 17.72 17.74 17.73 17.71 17.70 17.68 17.67 17.68 17.66 17.71 17.69 17.67 17.71 17.67 17.71 17.72 17.73 17.74 17.71 17.67 17.70 17.70 17.68 17.69 17.61 17.69 17.70 17.69 17.68 17.71 17.66 17.75 17.73 17.66 17.72 17.71 17.75 17.72 17.60 17.73 17.75 17.69 17.72 17.71
17.71 17.72 17.66 17.70 17.67 17.71 17.75 17.75 17.72 17.67 17.73 17.66 17.70 17.68 17.69 17.72 17.72 17.71 17.65 17.74 17.73 17.72 17.73 17.72 17.71 17.74 17.71 17.73 17.70 17.68 17.71 17.68 17.65 17.72 17.67 17.68 17.65 17.75 17.67 17.75 17.68 17.73 17.75 17.71 17.71 17.72 17.72 17.74 17.70 17.74
17.70 17.68 17.71 17.70 17.68 17.69 17.74 17.72 17.72 17.71 17.72 17.72 17.67 17.72 17.69 17.67 17.69 17.64 17.76 17.71 17.73 17.72 17.72 17.72 17.70 17.68 17.61 17.71 17.70 17.64 17.68 17.67 17.74 17.71 17.67 17.68 17.68 17.73 17.73 17.73 17.73 17.74 17.71 17.69 17.69 17.71 17.70 17.73 17.73 17.72
17.66 17.72 17.69 17.70 17.73 17.70 17.73 17.74 17.71 17.73 17.63 17.68 17.75 17.73 17.69 17.64 17.74 17.73 17.73 17.67 17.75 17.70 17.68 17.70 17.70 17.71 17.68 17.71 17.73 17.73 17.71 17.71 17.70 17.74 17.70 17.72 17.71 17.68 17.72 17.72 17.72 17.67 17.68 17.73 17.73 17.72 17.75 17.73 17.73 17.72
17.69 17.70 17.71 17.69 17.65 17.73 17.75 17.76 17.73 17.66 17.71 17.72 17.70 17.74 17.66 17.64 17.71 17.68 17.73 17.70 17.71 17.68 17.69 17.69 17.65 17.73 17.69 17.71 17.72 17.73 17.70 17.72 17.74 17.73 17.68 17.70 17.71 17.70 17.73 17.72 17.69 17.70 17.68 17.74 17.74 17.75 17.72 17.69 17.69 17.71
17.71 17.65 17.67 17.70 17.72 17.71 17.69 17.73 17.72 17.71 17.66 17.72 17.68 17.72 17.70 17.70 17.72 17.74 17.74 17.73 17.66 17.73 17.69 17.70 17.71 17.73 17.67 17.67 17.66 17.69 17.72 17.65 17.75 17.70 17.67 17.68 17.66 17.66 17.68 17.73 17.70 17.68 17.71 17.72 17.74 17.71 17.74 17.70 17.68 17.69
17.65 17.74 17.68 17.67 17.69 17.66 17.69 17.71 17.69 17.67 17.69 17.75 17.70 17.69 17.67 17.72 17.71 17.71 17.71 17.72 17.73 17.70 17.70 17.70 17.70 17.74 17.74 17.71 17.70 17.67 17.73 17.69 17.70 17.72 17.68 17.70 17.70 17.74 17.72 17.72 17.75 17.72 17.76 17.73 17.73 17.73 17.64 17.78 17.75 17.75
17.72 17.67 17.71 17.71 17.72 17.70 17.68 17.70 17.61 17.68 17.70 17.72 17.73 17.66 17.69 17.67 17.68 17.70 17.71 17.74 17.69 17.73 17.72 17.73 17.68 17.72 17.71 17.72 17.72 17.70 17.73 17.68 17.73 17.72 17.68 17.69 17.69 17.72 17.73 17.76 17.74 17.75 17.73 17.75 17.75 17.74 17.79 17.75 17.74 17.75
18.09 17.95 17.69 17.71 17.70 17.62 17.70 17.71 17.71 17.72 17.64 17.73 17.71 17.71 17.71 17.70 17.70 17.71 17.69 17.68 17.73 17.73 17.75 17.66 17.73 17.68 17.70 17.68 17.72 17.63 17.72 17.73 17.73 17.75 17.71 17.70 17.72 17.77 17.77 17.74 17.77 17.77 17.77 17.70 17.74 17.76 17.75 17.79 17.78 17.78
18.24 18.20 17.76 17.66 17.73 17.71 17.74 17.68 17.71 17.70 17.72 17.72 17.72 17.70 17.71 17.67 17.72 17.71 17.67 17.72 17.71 17.72 17.71 17.71 17.72 17.70 17.72 17.68 17.71 17.67 17.74 17.71 17.68 17.74 17.71 17.72 17.72 17.81 17.76 17.77 17.80 17.81 17.79 17.80 17.77 17.79 17.81 17.82 17.79 17.77
18.80 18.27 18.17 17.70 17.68 17.71 17.70 17.69 17.71 17.69 17.69 17.71 17.72 17.64 17.73 17.70 17.67 17.72 17.71 17.72 17.72 17.71 17.71 17.72 17.68 17.75 17.74 17.74 17.76 17.71 17.73 17.73 17.71 17.76 17.72 17.74 17.73 17.82 17.81 17.83 17.79 17.83 17.71 17.85 17.78 17.80 17.81 17.84 17.82 17.80
18.30 18.48 18.33 18.07 17.83 17.69 17.72 17.72 17.68 17.73 17.73 17.72 17.74 17.73 17.73 17.73 17.74 17.71 17.73 17.71 17.72 17.73 17.72 17.70 17.73 17.73 17.71 17.74 17.68 17.73 17.72 17.74 17.75 17.70 17.78 17.71 17.75 17.81 17.85 17.84 17.86 17.84 17.84 17.87 17.86 17.84 17.88 17.89 17.82 17.83
18.13 18.12 18.31 18.53 18.18 17.96 17.75 17.72 17.75 17.77 17.74 17.74 17.73 17.75 17.71 17.75 17.75 17.76 17.74 17.75 17.76 17.75 17.76 17.73 17.71 17.72 17.70 17.75 17.75 17.76 17.77 17.75 17.77 17.78 17.77 17.77 17.75 17.84 17.84 17.88 17.88 17.79 17.86 17.86 17.87 17.84 17.79 17.85 17.87 17.83
18.06 18.05 18.19 18.42 18.63 18.14 18.00 17.83 17.79 17.74 17.72 17.73 17.75 17.73 17.74 17.76 17.74 17.72 17.76 17.77 17.75 17.72 17.78 17.73 17.69 17.75 17.76 17.74 17.77 17.79 17.72 17.74 17.77 17.79 17.76 17.76 17.75 17.85 17.86 17.87 17.88 17.84 17.88 17.84 17.84 17.88 17.87 17.85 17.85 17.80
18.10 18.20 18.19 18.12 18.37 18.70 18.06 17.97 17.82 17.77 17.76 17.75 17.68 17.70 17.74 17.76 17.73 17.73 17.74 17.62 17.76 17.76 17.76 17.73 17.77 17.76 17.73 17.77 17.69 17.72 17.73 17.77 17.76 17.78 17.75 17.75 17.67 17.87 17.88 17.86 17.84 17.81 17.84 17.83 17.85 17.86 17.83 17.85 17.85 17.84
18.24 18.18 18.15 18.16 18.22 18.34 18.69 18.10 17.98 17.80 17.74 17.74 17.71 17.72 17.75 17.75 17.71 17.73 17.74 17.71 17.74 17.70 17.74 17.73 17.73 17.72 17.71 17.74 17.72 17.74 17.72 17.72 17.76 17.77 17.71 17.74 17.68 17.86 17.85 17.84 17.85 17.84 17.84 17.85 17.84 17.84 17.84 17.84 17.85 17.86
18.28 18.20 18.23 18.23 18.33 18.21 18.34 18.56 18.06 17.99 17.68 17.73 17.74 17.70 17.71 17.73 17.71 17.72 17.73 17.74 17.71 17.71 17.72 17.72 17.69 17.70 17.71 17.72 17.71 17.74 17.71 17.68 17.72 17.73 17.71 17.74 17.71 17.72 17.85 17.82 17.80 17.84 17.83 17.80 17.82 17.85 17.80 17.84 17.84 17.83
18.40 18.38 18.34 18.43 18.41 18.25 18.28 18.52 18.42 18.12 17.87 17.68 17.71 17.74 17.71 17.75 17.71 17.72 17.69 17.72 17.73 17.71 17.71 17.70 17.71 17.71 17.72 17.73 17.74 17.71 17.71 17.71 17.71 17.73 17.68 17.65 17.66 17.66 17.84 17.81 17.82 17.82 17.83 17.82 17.78 17.82 17.84 17.83 17.81 17.74
18.72 18.53 18.54 18.50 18.47 18.40 18.22 18.25 18.52 18.18 17.80 17.73 17.62 17.72 17.73 17.71 17.69 17.68 17.67 17.71 17.70 17.69 17.71 17.74 17.74 17.71 17.73 17.67 17.75 17.69 17.71 17.72 17.73 17.73 17.72 17.71 17.74 17.73 17.82 17.82 17.82 17.82 17.79 17.77 17.80 17.80 17.81 17.77 17.82 17.78
18.60 18.75 18.62 18.57 18.49 18.25 18.18 18.35 18.34 18.72 17.97 17.86 17.64 17.73 17.72 17.71 17.73 17.73 17.73 17.73 17.70 17.72 17.68 17.72 17.73 17.73 17.73 17.68 17.73 17.74 17.75 17.77 17.75 17.72 17.67 17.68 17.68 17.69 17.80 17.81 17.82 17.80 17.81 17.78 17.81 17.78 17.81 17.83 17.74 17.82
18.44 18.66 18.84 18.67 18.38 18.34 18.49 18.45 18.44 18.55 18.91 17.91 17.82 17.75 17.75 17.76 17.76 17.75 17.73 17.74 17.72 17.69 17.73 17.73 17.76 17.72 17.74 17.75 17.73 17.74 17.72 17.73 17.72 17.68 17.72 17.72 17.71 17.70 17.79 17.81 17.81 17.81 17.79 17.78 17.82 17.80 17.83 17.80 17.80 17.79
18.46 18.54 18.77 18.69 18.56 18.71 18.65 18.63 18.59 18.53 18.68 18.23 17.72 17.72 17.72 17.72 17.76 17.77 17.77 17.73 17.73 17.73 17.76 17.71 17.70 17.71 17.75 17.76 17.78 17.77 17.69 17.73 17.74 17.71 17.68 17.76 17.73 17.76 17.75 17.83 17.83 17.80 17.80 17.78 17.77 17.80 17.81 17.81 17.78 17.80
18.35 18.60 18.64 18.67 18.98 18.83 18.79 18.73 18.65 18.54 18.57 18.79 17.91 17.76 17.70 17.77 17.79 17.79 17.78 17.68 17.75 17.74 17.77 17.77 17.74 17.76 17.69 17.78 17.74 17.75 17.75 17.71 17.73 17.72 17.75 17.78 17.79 17.76 17.77 17.78 17.80 17.80 17.81 17.79 17.82 17.75 17.81 17.80 17.78 17.78
16.29 18.62 18.87 18.94 18.91 18.91 18.87 18.77 18.72 18.72 18.58 18.69 19.15 17.84 17.70 17.68 17.79 17.77 17.79 17.79 17.76 17.75 17.72 17.78 17.76 17.75 17.74 17.76 17.73 17.70 17.74 17.70 17.75 17.76 17.76 17.71 17.80 17.76 17.70 17.82 17.78 17.82 17.81 17.79 17.77 17.79 17.78 17.82 17.80 17.79
14.08 16.78 18.80 18.98 18.88 18.87 18.99 18.86 18.84 18.79 18.69 18.69 18.87 18.28 17.83 17.70 17.77 17.80 17.76 17.69 17.72 17.73 17.72 17.77 17.74 17.75 17.76 17.69 17.78 17.75 17.71 17.71 17.73 17.74 17.75 17.71 17.76 17.77 17.77 17.77 17.78 17.80 17.75 17.80 17.78 17.79 17.77 17.78 17.76 17.80
13.73 14.79 17.62 19.01 18.95 18.88 19.04 19.02 18.87 18.81 18.76 18.55 18.58 18.92 18.02 17.71 17.76 17.74 17.75 17.73 17.74 17.71 17.69 17.78 17.82 17.78 17.75 17.77 17.74 17.75 17.76 17.72 17.71 17.73 17.76 17.76 17.74 17.71 17.71 17.71 17.81 17.78 17.78 17.76 17.77 17.76 17.78 17.71 17.75 17.75
13.73 14.07 15.82 18.47 19.04 18.95 18.87 18.88 18.91 18.80 18.78 18.62 18.59 18.99 18.28 17.78 17.69 17.75 17.76 17.75 17.69 17.70 17.72 17.75 17.74 17.78 17.78 17.65 17.77 17.77 17.73 17.73 17.76 17.68 17.69 17.70 17.74 17.76 17.73 17.72 17.74 17.77 17.75 17.77 17.69 17.75 17.78 17.76 17.75 17.75
13.69 13.73 14.39 17.01 18.86 18.94 18.80 18.86 18.90 18.86 18.76 18.75 18.86 18.89 18.66 17.93 17.66 17.72 17.72 17.74 17.75 17.72 17.77 17.72 17.73 17.69 17.72 17.65 17.75 17.73 17.76 17.72 17.73 17.67 17.69 17.75 17.76 17.71 17.76 17.76 17.71 17.78 17.78 17.78 17.74 17.79 17.74 17.77 17.77 17.79
